(215, 8)
(215,)
xi6

In sample results
RMSE: 0.004694530654456383
corr: 0.9048774171680385

Out of sample results
RMSE: 0.005016092326005028
corr: 0.8638257785359862
HALOU1
0 160 [-0.00192638 -0.00118032  0.00226124 -0.00994596 -0.01020319 -0.01279196
  0.         -0.0129001 ]
0 160 -0.003179646
1 160 [ 0.00185354  0.00590121  0.00300755 -0.00181301 -0.00237334  0.00217489
  0.00071406 -0.00255523]
1 160 -0.003348635
2 160 [-0.01416879 -0.02476218  0.00230407  0.00292536 -0.00094518 -0.0285591
  0.00642442 -0.00039709]
2 160 -0.014676581
3 160 [ 0.01005563  0.01746252 -0.00180632  0.01267923  0.00740901  0.01783035
 -0.00113263  0.01186348]
3 160 0.007877899
4 160 [-0.03008297 -0.03008042 -0.01973436 -0.02493102 -0.02346092 -0.01354647
 -0.0486461  -0.02161444]
4 160 -0.02595065
5 160 [ 0.0010159   0.00298705  0.00566714  0.00599502  0.00134926 -0.0009007
  0.01812172  0.00163979]
5 160 0.006657004
6 160 [ 0.01124787  0.00640804 -0.02052474 -0.01319186 -0.00672284 -0.00108438
 -0.01614313 -0.01319209]
6 160 -0.006730861
7 160 [-0.00407719 -0.0013568   0.00168288  0.00266661  0.         -0.00503767
 -0.00272499  0.00525017]
7 160 0.002949178
8 160 [ 0.0177254   0.02415003  0.01295581  0.00244193  0.003822   -0.00190297
  0.02447902  0.00281265]
8 160 0.012960538
9 160 [-1.4132879e-02 -1.4571381e-02  1.6233194e-02  3.9319050e-03
  7.0900000e-05 -1.1169331e-02  2.4127811e-02 -4.1390940e-03]
9 160 0.002072505
10 160 [ 0.00185354  0.00590121  0.00300755 -0.00181301 -0.00237334  0.00217489
  0.00071406 -0.00255523]
10 160 -0.003348635
11 160 [-0.01416879 -0.02476218  0.00230407  0.00292536 -0.00094518 -0.0285591
  0.00642442 -0.00039709]
11 160 -0.014676581
12 160 [-0.00604941  0.00457953  0.          0.00919599  0.01174227  0.00153364
  0.00439487  0.01099478]
12 160 0.002405877
13 160 [-0.00711875 -0.01363013  0.03163428 -0.01413565 -0.00178731  0.03130334
  0.02314551 -0.00568371]
13 160 0.002688691
14 160 [-0.01531002 -0.02670327 -0.00513563 -0.0015708  -0.00152887 -0.00067777
 -0.0127808  -0.00306653]
14 160 -0.005433699
15 160 [ 0.00711493  0.00875917  0.02226362  0.02501999  0.01884483 -0.00626498
  0.01952068  0.0215109 ]
15 160 0.00618863
16 160 [-0.00032635  0.00587831 -0.00055609  0.00256511  0.0038448   0.01796687
  0.00478355  0.00098903]
16 160 0.003332611
17 160 [ 0.04284074  0.06128487 -0.00688296  0.037813    0.00491313  0.03328866
 -0.00424505  0.01755585]
17 160 0.023405287
18 160 [0.00637044 0.01010551 0.00860464 0.00581654 0.00351389 0.00804908
 0.01203328 0.00462188]
18 160 0.006022186
19 160 [ 0.00952841  0.01217666  0.00337387 -0.00142373  0.00531199 -0.00232176
  0.00374582  0.00113109]
19 160 0.00132698
